0,397
30,3
30,2
30,1
30,0
0,396
0,395
0,394
29,3
29,2
0,393
29,1
29,0
0,392
0,391
0,390
28,3
28,2
0,389
28,1
28,0
0,388
0,387
0,386
0,385
27,3
27,2
27,1
27,0
0,384
0,319
0,318
0,317
0,316
17,2
17,1
17,3
15,2
15,1
15,3
16,2
16,1
16,3
13,2
14,2
4,17
4,26
4,41
4,40
4,4
4,15
4,32
4,79
4,7
4,23
4,1
4,81
4,2
4,3
6,5
6,4
6,1
6,6
6,2
6,3
7,7
7,8
7,10
7,4
7,9
7,5
7,1
7,13
7,2
7,3
5,4
5,2
5,1
5,3
0,283
26,3
26,2
0,9
26,1
26,0
25,49
25,48
25,47
25,46
25,45
25,44
25,43
25,42
25,41
25,40
25,39
25,38
25,37
25,36
25,35
3,2
10,200
10,126
10,90
10,4
10,26
10,2
10,3
11,14
11,19
11,9
11,10
11,16
11,5
11,2
11,3
9,4
9,6
9,2
9,3
8,4
8,8
8,5
8,2
8,3
12,2
12,1
12,3
11,30
11,29
11,28
11,27
11,26
11,25
11,24
